
1000100000100001110000011000001000111101101000010001000100010000010001011010110001000001100000000110000100100000000000100000
Current low wg vector = 35

1010000100000000100000100000100000010000100000001010000001000100000100000000010101010000100000000100000000000010000001000000
Current low wg vector = 21

1100000000110000110000000000000000000000000011000000000000001111000000000000110000001100000000000000000000110000001100000000
Current low wg vector = 20
.....
only_mult_p: 84, 2 
Start dist: 19
4.000000 4.000000 4.000000 4.000000 4.000000 4.000000 4.000000 4.000000 4.000000 4.000000 4.000000 4.000000 4.000000 4.000000 4.000000 4.000000 4.000000 4.000000 4.000000 4.000000 4.000000 4.000000 4.000000 4.000000 4.000000 4.000000 4.000000 4.000000 4.000000 4.000000 4.000000 4.000000 4.000000 4.000000 4.000000 4.000000 4.000000 4.000000 4.000000 4.000000 4.000000 4.000000 4.000000 4.000000 4.000000 4.000000 4.000000 4.000000 4.000000 4.000000 4.000000 4.000000 4.000000 4.000000 4.000000 4.000000 4.000000 4.000000 4.000000 4.000000 4.000000 4.000000 4.000000 4.000000 4.000000 4.000000 4.000000 4.000000 4.000000 4.000000 4.000000 4.000000 4.000000 4.000000 4.000000 4.000000 4.000000 4.000000 4.000000 4.000000 4.000000 4.000000 4.000000 4.000000 4.000000 2.000000 2.000000 3.000000 2.666667 2.000000 3.000000 2.666667 2.000000 2.000000 1.500000 1.333333 2.000000 2.000000 3.000000 2.666667 2.000000 2.000000 2.000000 2.000000 2.000000 2.000000 2.000000 3.000000 2.666667 2.000000 2.000000 2.000000 1.500000 1.333333 1.500000 1.333333 2.000000 1.500000 2.000000 2.000000 2.000000 1.500000 1.333333 


10.666667 5.666667 4.500000 13.166667 6.000000 8.333333 2.666667 3.666667 2.666667 6.000000 5.666667 2.500000 3.000000 7.333333 12.000000 15.166667 3.666667 10.833333 7.666667 7.833333 2.666667 13.500000 7.000000 11.666667 9.000000 6.000000 11.000000 15.833333 1.000000 7.666667 13.166667 12.666667 1.000000 10.166667 8.666667 12.666667 10.000000 10.833333 12.833333 7.166667 6.000000 14.333333 10.333333 8.333333 9.333333 9.166667 7.500000 9.000000 6.166667 4.166667 11.666667 4.000000 7.166667 7.666667 3.166667 7.500000 11.000000 18.333333 5.166667 11.500000 11.000000 6.000000 4.166667 7.666667 12.666667 11.666667 10.000000 10.500000 7.833333 19.666667 12.333333 12.166667 7.000000 5.333333 10.500000 8.833333 15.513443 1.500000 10.500000 13.166667 7.166667 7.166667 6.666667 5.666667 13.666667 14.000000 19.166667 14.236111 11.937342 7.000000 6.000000 8.166667 8.666667 10.500000 12.666667 12.666667 3.500000 3.666667 8.500000 5.833333 9.666667 5.833333 4.166667 1.500000 1.500000 3.500000 5.333333 4.666667 5.500000 1.000000 4.666667 4.166667 4.000000 4.000000 2.666667 2.666667 1.333333 1.333333 1.000000 1.000000 1.500000 1.500000 1.500000 
1000000 loops, 116/123, bound: 19, SVPs: 20
....................................................................................|.....*.........................#......
2000000 loops, 117/123, bound: 19, SVPs: 56
....................................................................................|..*.............................#.....
3000000 loops, 118/123, bound: 19, SVPs: 100
....................................................................................|..*..............................#....
4000000 loops, 120/123, bound: 19, SVPs: 136
....................................................................................|....*..............................#..
5000000 loops, 120/123, bound: 19, SVPs: 192
....................................................................................|.*.................................#..
6000000 loops, 120/123, bound: 19, SVPs: 248
....................................................................................|*..................................#..
7000000 loops, 121/123, bound: 19, SVPs: 296
....................................................................................|..*.................................#.
8000000 loops, 121/123, bound: 19, SVPs: 348
....................................................................................|.....*..............................#.
9000000 loops, 122/123, bound: 19, SVPs: 400
....................................................................................|......*..............................#
10000000 loops, 122/123, bound: 19, SVPs: 444
....................................................................................|.............*.......................#
11000000 loops, 122/123, bound: 19, SVPs: 498
....................................................................................|......*..............................#
Prune_cs: 3880113
Prune_only_zeros: 3043589 of 6924675
Prune_key eq.: 0 of 3881086
Prune_N: 515295
Kannan SVPs : 528
Loops: 11311884

1100000000110000110000000000000000000000000011000000000000001111000000000000110000001100000000000000000000110000001100000000
The minimum distance = 20

