
0100000110000000000010001000000000000010010110100000000101000000000100000100000000000010010000000011000000000010100001100001000000100000011010000011000001000001110000010000000001100000000000000100000000010111000001000000000001000000000000000001100000000110110000100000100001000100010001001001110011000000001011100001000001111000100000000110100010010000110000111000000111000000100001000011100000001000000010000011000000000000000000000000000000000000000000001000000000000000000000000000000010000000
Current low wg vector = 95

0110000000000000100001000000000000000000010001000000000000100010000010010001000000000001000001000000001000000001110001010100001000010000101101001000100010010000011000000000110000000000000010000000000011101000000000000000001000000000001000000000110000000010001000100000010001100010001001100000010011100000000000110000100000001000000001000001010100001001001000010100010001000010000000100000110010000100000001001000100000000000000000000001000000000000000000000000000000000000010000000000000000000000
Current low wg vector = 83

0001001100000000000000000000000000000000000001000000000000000000010000000000000000000000000100100000000000000000010010000000000000000000000010010000000000000000000100100000000001000000000000000000000001001000000000000000000000000000000000001100001000000100000000000000000000000000000000000000000000010010110100000000000001000010000000000001000000000000000100100000000000000000000000000100001000000000000000000000000000000000000000010000000000000000000000000000000100000000000000000000000000000000
Current low wg vector = 34
.....
only_mult_p: 338, 2 
Start dist: 33
4.000000 4.000000 4.000000 4.000000 4.000000 4.000000 4.000000 4.000000 4.000000 4.000000 4.000000 4.000000 4.000000 4.000000 4.000000 4.000000 4.000000 4.000000 4.000000 4.000000 4.000000 4.000000 4.000000 4.000000 4.000000 4.000000 4.000000 4.000000 4.000000 4.000000 4.000000 4.000000 4.000000 4.000000 4.000000 4.000000 4.000000 4.000000 4.000000 4.000000 4.000000 4.000000 4.000000 4.000000 4.000000 4.000000 4.000000 4.000000 4.000000 4.000000 4.000000 4.000000 4.000000 4.000000 4.000000 4.000000 4.000000 4.000000 4.000000 4.000000 4.000000 4.000000 4.000000 4.000000 4.000000 4.000000 4.000000 4.000000 4.000000 4.000000 4.000000 4.000000 4.000000 4.000000 4.000000 4.000000 4.000000 4.000000 4.000000 4.000000 4.000000 4.000000 4.000000 4.000000 4.000000 4.000000 4.000000 4.000000 4.000000 4.000000 4.000000 4.000000 4.000000 4.000000 4.000000 4.000000 4.000000 4.000000 4.000000 4.000000 4.000000 4.000000 4.000000 4.000000 4.000000 4.000000 4.000000 4.000000 4.000000 4.000000 4.000000 4.000000 4.000000 4.000000 4.000000 4.000000 4.000000 4.000000 4.000000 4.000000 4.000000 4.000000 4.000000 4.000000 4.000000 4.000000 4.000000 4.000000 4.000000 4.000000 4.000000 4.000000 4.000000 4.000000 4.000000 4.000000 4.000000 4.000000 4.000000 4.000000 4.000000 4.000000 4.000000 4.000000 4.000000 4.000000 4.000000 4.000000 4.000000 4.000000 4.000000 4.000000 4.000000 4.000000 4.000000 4.000000 4.000000 4.000000 4.000000 4.000000 4.000000 4.000000 4.000000 4.000000 4.000000 4.000000 4.000000 4.000000 4.000000 4.000000 4.000000 4.000000 4.000000 4.000000 4.000000 4.000000 4.000000 4.000000 4.000000 4.000000 4.000000 4.000000 4.000000 4.000000 4.000000 4.000000 4.000000 4.000000 4.000000 4.000000 4.000000 4.000000 4.000000 4.000000 4.000000 4.000000 4.000000 4.000000 4.000000 4.000000 4.000000 4.000000 4.000000 4.000000 4.000000 4.000000 4.000000 4.000000 4.000000 4.000000 4.000000 4.000000 4.000000 4.000000 4.000000 4.000000 4.000000 4.000000 4.000000 4.000000 4.000000 4.000000 4.000000 4.000000 4.000000 4.000000 4.000000 4.000000 4.000000 4.000000 4.000000 4.000000 4.000000 4.000000 4.000000 4.000000 4.000000 4.000000 4.000000 4.000000 4.000000 4.000000 4.000000 4.000000 4.000000 4.000000 4.000000 4.000000 4.000000 4.000000 4.000000 4.000000 4.000000 4.000000 4.000000 4.000000 4.000000 4.000000 4.000000 4.000000 4.000000 4.000000 4.000000 4.000000 4.000000 4.000000 4.000000 4.000000 4.000000 4.000000 4.000000 4.000000 4.000000 4.000000 4.000000 4.000000 4.000000 4.000000 4.000000 4.000000 4.000000 4.000000 4.000000 4.000000 4.000000 4.000000 4.000000 4.000000 4.000000 4.000000 4.000000 4.000000 4.000000 4.000000 4.000000 4.000000 4.000000 4.000000 4.000000 4.000000 4.000000 4.000000 4.000000 4.000000 4.000000 4.000000 4.000000 4.000000 4.000000 4.000000 4.000000 4.000000 4.000000 4.000000 4.000000 4.000000 4.000000 4.000000 4.000000 4.000000 4.000000 4.000000 4.000000 4.000000 4.000000 4.000000 4.000000 4.000000 4.000000 4.000000 4.000000 4.000000 4.000000 4.000000 4.000000 4.000000 4.000000 4.000000 4.000000 1.000000 3.000000 2.666667 2.000000 1.000000 2.000000 2.000000 3.000000 2.666667 2.000000 3.000000 2.666667 2.000000 2.000000 2.000000 3.000000 2.666667 2.000000 2.000000 2.000000 3.000000 2.666667 2.000000 3.000000 2.666667 2.000000 3.000000 2.666667 2.000000 2.000000 2.000000 2.000000 2.000000 2.000000 2.000000 2.000000 2.000000 2.000000 2.000000 3.000000 2.666667 2.000000 3.000000 2.666667 2.000000 2.000000 2.000000 2.000000 2.000000 2.000000 2.000000 2.000000 2.000000 3.000000 2.666667 2.000000 3.000000 2.666667 2.000000 3.000000 2.666667 2.000000 2.000000 2.000000 3.000000 2.666667 2.000000 2.000000 2.000000 2.000000 2.000000 2.000000 2.000000 2.000000 2.000000 2.000000 2.000000 3.000000 2.666667 2.000000 2.000000 2.000000 2.000000 2.000000 2.000000 2.000000 2.000000 2.000000 3.000000 2.666667 2.000000 2.000000 2.000000 2.000000 2.000000 2.000000 2.000000 3.000000 2.666667 2.000000 2.000000 2.000000 2.000000 2.000000 2.000000 2.000000 2.000000 2.000000 2.000000 2.000000 1.500000 1.333333 2.000000 2.000000 2.000000 1.500000 1.333333 2.000000 2.000000 2.000000 2.000000 2.000000 1.500000 1.333333 2.000000 2.000000 2.000000 2.000000 1.500000 1.333333 1.500000 1.333333 1.500000 1.333333 2.000000 1.500000 1.333333 1.000000 1.000000 2.000000 2.000000 2.000000 1.500000 1.333333 1.000000 2.000000 1.500000 1.333333 1.000000 2.000000 1.500000 1.333333 2.000000 1.500000 1.333333 1.000000 
2105000000 loops, 422/495, bound: 33, SVPs: 0
..................................................................................................................................................................................................................................................................................................................................................*...................................................................................#........................................................................
