spectral parameter = 6.827370e-01
girth = 4
Number of cycles with size of:
girth: 	536 
girth + 2: 	16664 
girth + 4: 	568692 

Cycle distribution per variable node, size of:
girth:	0	0	0	0	0	0	0	0	0	0	0	0	0	0	0	0	0	0	0	0	0	0	0	0	0	0	0	0	0	0	0	0	0	0	0	0	0	0	0	0	0	0	0	0	0	0	0	0	0	0	0	0	0	0	0	0	0	0	0	0	0	0	0	0	0	0	0	0	0	0	0	0	0	0	0	0	0	0	0	0	0	0	0	0	0	0	0	0	0	0	0	0	0	0	0	0	0	0	0	0	0	0	0	0	0	0	0	0	0	0	0	0	0	0	0	0	0	0	0	0	0	0	0	0	0	0	0	0	0	0	0	0	0	0	0	0	0	0	0	0	0	0	0	0	0	0	0	0	0	0	0	0	0	0	0	0	0	0	0	0	0	0	0	0	0	0	0	0	0	0	0	0	0	0	0	0	0	0	0	0	0	0	0	0	0	0	0	0	0	0	0	0	5	5	5	5	5.500000e+00	5.500000e+00	5.500000e+00	5.500000e+00	2.050000e+01	2.050000e+01	2.050000e+01	2.050000e+01	5.500000e+00	5.500000e+00	5.500000e+00	5.500000e+00	7.500000e+00	7.500000e+00	7.500000e+00	7.500000e+00	2.500000e+00	2.500000e+00	2.500000e+00	2.500000e+00	1.250000e+01	1.250000e+01	1.250000e+01	1.250000e+01	3	3	3	3	14	14	14	14	3.500000e+00	3.500000e+00	3.500000e+00	3.500000e+00	3.500000e+00	3.500000e+00	3.500000e+00	3.500000e+00	5	5	5	5	26	26	26	26	20	20	20	20
girth + 2:	0	0	0	0	0	0	0	0	0	0	0	0	0	0	0	0	0	0	0	0	0	0	0	0	0	0	0	0	0	0	0	0	0	0	0	0	0	0	0	0	0	0	0	0	0	0	0	0	0	0	0	0	0	0	0	0	0	0	0	0	0	0	0	0	0	0	0	0	0	0	0	0	0	0	0	0	0	0	0	0	0	0	0	0	0	0	0	0	0	0	0	0	0	0	0	0	0	0	0	0	0	0	0	0	0	0	0	0	0	0	0	0	0	0	0	0	0	0	0	0	0	0	0	0	0	0	0	0	0	0	0	0	0	0	0	0	0	0	0	0	0	0	0	0	0	0	0	0	0	0	0	0	0	0	0	0	0	0	0	0	0	0	0	0	0	0	0	0	0	0	0	0	0	0	0	0	0	0	0	0	0	0	0	0	0	0	0	0	0	0	0	0	2.256667e+02	2.256667e+02	2.256667e+02	2.256667e+02	2.023333e+02	2.023333e+02	2.023333e+02	2.023333e+02	475	475	475	475	178	178	178	178	2.613333e+02	2.613333e+02	2.613333e+02	2.613333e+02	141	141	141	141	4.126667e+02	4.126667e+02	4.126667e+02	4.126667e+02	133	133	133	133	386	386	386	386	1.063333e+02	1.063333e+02	1.063333e+02	1.063333e+02	1.233333e+02	1.233333e+02	1.233333e+02	1.233333e+02	1.273333e+02	1.273333e+02	1.273333e+02	1.273333e+02	7.643333e+02	7.643333e+02	7.643333e+02	7.643333e+02	6.296667e+02	6.296667e+02	6.296667e+02	6.296667e+02
girth + 4:	0	0	0	0	0	0	0	0	0	0	0	0	0	0	0	0	0	0	0	0	0	0	0	0	0	0	0	0	0	0	0	0	0	0	0	0	0	0	0	0	0	0	0	0	0	0	0	0	0	0	0	0	0	0	0	0	0	0	0	0	0	0	0	0	0	0	0	0	0	0	0	0	0	0	0	0	0	0	0	0	0	0	0	0	0	0	0	0	0	0	0	0	0	0	0	0	0	0	0	0	0	0	0	0	0	0	0	0	0	0	0	0	0	0	0	0	0	0	0	0	0	0	0	0	0	0	0	0	0	0	0	0	0	0	0	0	0	0	0	0	0	0	0	0	0	0	0	0	0	0	0	0	0	0	0	0	0	0	0	0	0	0	0	0	0	0	0	0	0	0	0	0	0	0	0	0	0	0	0	0	0	0	0	0	0	0	0	0	0	0	0	0	7.687250e+03	7.687250e+03	7.687250e+03	7.687250e+03	6.786500e+03	6.786500e+03	6.786500e+03	6.786500e+03	1.741575e+04	1.741575e+04	1.741575e+04	1.741575e+04	6.057500e+03	6.057500e+03	6.057500e+03	6.057500e+03	8.425250e+03	8.425250e+03	8.425250e+03	8.425250e+03	4.642500e+03	4.642500e+03	4.642500e+03	4.642500e+03	1.377425e+04	1.377425e+04	1.377425e+04	1.377425e+04	4.487250e+03	4.487250e+03	4.487250e+03	4.487250e+03	1.238125e+04	1.238125e+04	1.238125e+04	1.238125e+04	3571	3571	3571	3571	4.382750e+03	4.382750e+03	4.382750e+03	4.382750e+03	4.583250e+03	4.583250e+03	4.583250e+03	4.583250e+03	26992	26992	26992	26992	2.098650e+04	2.098650e+04	2.098650e+04	2.098650e+04

Cycle distribution per check node, size of:
girth:	1.500000e+00	1.500000e+00	1.500000e+00	1.500000e+00	1	1	1	1	1.500000e+00	1.500000e+00	1.500000e+00	1.500000e+00	5.000000e-01	5.000000e-01	5.000000e-01	5.000000e-01	3	3	3	3	2	2	2	2	2.500000e+00	2.500000e+00	2.500000e+00	2.500000e+00	1	1	1	1	5.000000e-01	5.000000e-01	5.000000e-01	5.000000e-01	1.500000e+00	1.500000e+00	1.500000e+00	1.500000e+00	2.500000e+00	2.500000e+00	2.500000e+00	2.500000e+00	1.500000e+00	1.500000e+00	1.500000e+00	1.500000e+00	1.500000e+00	1.500000e+00	1.500000e+00	1.500000e+00	3	3	3	3	0	0	0	0	1	1	1	1	3.500000e+00	3.500000e+00	3.500000e+00	3.500000e+00	1	1	1	1	5.000000e-01	5.000000e-01	5.000000e-01	5.000000e-01	2	2	2	2	5.000000e-01	5.000000e-01	5.000000e-01	5.000000e-01	3.500000e+00	3.500000e+00	3.500000e+00	3.500000e+00	5.000000e-01	5.000000e-01	5.000000e-01	5.000000e-01	1.500000e+00	1.500000e+00	1.500000e+00	1.500000e+00	5.000000e-01	5.000000e-01	5.000000e-01	5.000000e-01	1	1	1	1	5.000000e-01	5.000000e-01	5.000000e-01	5.000000e-01	1.500000e+00	1.500000e+00	1.500000e+00	1.500000e+00	1.500000e+00	1.500000e+00	1.500000e+00	1.500000e+00	5.000000e-01	5.000000e-01	5.000000e-01	5.000000e-01	1	1	1	1	1.500000e+00	1.500000e+00	1.500000e+00	1.500000e+00	1.500000e+00	1.500000e+00	1.500000e+00	1.500000e+00	1	1	1	1	6	6	6	6	4	4	4	4	2	2	2	2	3.500000e+00	3.500000e+00	3.500000e+00	3.500000e+00	1.500000e+00	1.500000e+00	1.500000e+00	1.500000e+00	1.500000e+00	1.500000e+00	1.500000e+00	1.500000e+00	2	2	2	2	4	4	4	4	2.500000e+00	2.500000e+00	2.500000e+00	2.500000e+00	1.500000e+00	1.500000e+00	1.500000e+00	1.500000e+00	5	5	5	5	6	6	6	6	6.500000e+00	6.500000e+00	6.500000e+00	6.500000e+00	2.500000e+00	2.500000e+00	2.500000e+00	2.500000e+00	9.500000e+00	9.500000e+00	9.500000e+00	9.500000e+00	5.500000e+00	5.500000e+00	5.500000e+00	5.500000e+00	12	12	12	12	1.050000e+01	1.050000e+01	1.050000e+01	1.050000e+01
girth + 2:	38	38	38	38	9.666667e+00	9.666667e+00	9.666667e+00	9.666667e+00	5.566667e+01	5.566667e+01	5.566667e+01	5.566667e+01	38	38	38	38	6.466667e+01	6.466667e+01	6.466667e+01	6.466667e+01	3.233333e+01	3.233333e+01	3.233333e+01	3.233333e+01	6.466667e+01	6.466667e+01	6.466667e+01	6.466667e+01	4.066667e+01	4.066667e+01	4.066667e+01	4.066667e+01	6.866667e+01	6.866667e+01	6.866667e+01	6.866667e+01	4.866667e+01	4.866667e+01	4.866667e+01	4.866667e+01	6.233333e+01	6.233333e+01	6.233333e+01	6.233333e+01	1.966667e+01	1.966667e+01	1.966667e+01	1.966667e+01	4.633333e+01	4.633333e+01	4.633333e+01	4.633333e+01	5.833333e+01	5.833333e+01	5.833333e+01	5.833333e+01	11	11	11	11	41	41	41	41	5.666667e+01	5.666667e+01	5.666667e+01	5.666667e+01	4.066667e+01	4.066667e+01	4.066667e+01	4.066667e+01	3.233333e+01	3.233333e+01	3.233333e+01	3.233333e+01	4.433333e+01	4.433333e+01	4.433333e+01	4.433333e+01	1.633333e+01	1.633333e+01	1.633333e+01	1.633333e+01	6.933333e+01	6.933333e+01	6.933333e+01	6.933333e+01	1.466667e+01	1.466667e+01	1.466667e+01	1.466667e+01	4.733333e+01	4.733333e+01	4.733333e+01	4.733333e+01	13	13	13	13	5.766667e+01	5.766667e+01	5.766667e+01	5.766667e+01	25	25	25	25	43	43	43	43	4.333333e+01	4.333333e+01	4.333333e+01	4.333333e+01	1.366667e+01	1.366667e+01	1.366667e+01	1.366667e+01	3.833333e+01	3.833333e+01	3.833333e+01	3.833333e+01	41	41	41	41	66	66	66	66	42	42	42	42	97	97	97	97	95	95	95	95	54	54	54	54	8.566667e+01	8.566667e+01	8.566667e+01	8.566667e+01	9.766667e+01	9.766667e+01	9.766667e+01	9.766667e+01	4.433333e+01	4.433333e+01	4.433333e+01	4.433333e+01	90	90	90	90	112	112	112	112	8.066667e+01	8.066667e+01	8.066667e+01	8.066667e+01	6.233333e+01	6.233333e+01	6.233333e+01	6.233333e+01	1.686667e+02	1.686667e+02	1.686667e+02	1.686667e+02	1.666667e+02	1.666667e+02	1.666667e+02	1.666667e+02	2.063333e+02	2.063333e+02	2.063333e+02	2.063333e+02	74	74	74	74	3.826667e+02	3.826667e+02	3.826667e+02	3.826667e+02	2.546667e+02	2.546667e+02	2.546667e+02	2.546667e+02	4.036667e+02	4.036667e+02	4.036667e+02	4.036667e+02	2.863333e+02	2.863333e+02	2.863333e+02	2.863333e+02
girth + 4:	1.264750e+03	1.264750e+03	1.264750e+03	1.264750e+03	4.167500e+02	4.167500e+02	4.167500e+02	4.167500e+02	1.697500e+03	1.697500e+03	1.697500e+03	1.697500e+03	1.288500e+03	1.288500e+03	1.288500e+03	1.288500e+03	2.339750e+03	2.339750e+03	2.339750e+03	2.339750e+03	1047	1047	1047	1047	2.380250e+03	2.380250e+03	2.380250e+03	2.380250e+03	1.390250e+03	1.390250e+03	1.390250e+03	1.390250e+03	2.217250e+03	2.217250e+03	2.217250e+03	2.217250e+03	1.789500e+03	1.789500e+03	1.789500e+03	1.789500e+03	2342	2342	2342	2342	7.905000e+02	7.905000e+02	7.905000e+02	7.905000e+02	1.657250e+03	1.657250e+03	1.657250e+03	1.657250e+03	2.267250e+03	2.267250e+03	2.267250e+03	2.267250e+03	3.207500e+02	3.207500e+02	3.207500e+02	3.207500e+02	1.511500e+03	1.511500e+03	1.511500e+03	1.511500e+03	2.221500e+03	2.221500e+03	2.221500e+03	2.221500e+03	1.356250e+03	1.356250e+03	1.356250e+03	1.356250e+03	1.017750e+03	1.017750e+03	1.017750e+03	1.017750e+03	1580	1580	1580	1580	6.555000e+02	6.555000e+02	6.555000e+02	6.555000e+02	2329	2329	2329	2329	3.807500e+02	3.807500e+02	3.807500e+02	3.807500e+02	1.573750e+03	1.573750e+03	1.573750e+03	1.573750e+03	4.377500e+02	4.377500e+02	4.377500e+02	4.377500e+02	1991	1991	1991	1991	7.147500e+02	7.147500e+02	7.147500e+02	7.147500e+02	1.344500e+03	1.344500e+03	1.344500e+03	1.344500e+03	1.432750e+03	1.432750e+03	1.432750e+03	1.432750e+03	5.085000e+02	5.085000e+02	5.085000e+02	5.085000e+02	1.211500e+03	1.211500e+03	1.211500e+03	1.211500e+03	1.732750e+03	1.732750e+03	1.732750e+03	1.732750e+03	2.035250e+03	2.035250e+03	2.035250e+03	2.035250e+03	1533	1533	1533	1533	3.455250e+03	3.455250e+03	3.455250e+03	3.455250e+03	3.241250e+03	3.241250e+03	3.241250e+03	3.241250e+03	1.683750e+03	1.683750e+03	1.683750e+03	1.683750e+03	2.982250e+03	2.982250e+03	2.982250e+03	2.982250e+03	3.234750e+03	3.234750e+03	3.234750e+03	3.234750e+03	1.824500e+03	1.824500e+03	1.824500e+03	1.824500e+03	3.042500e+03	3.042500e+03	3.042500e+03	3.042500e+03	3500	3500	3500	3500	2.936500e+03	2.936500e+03	2.936500e+03	2.936500e+03	2.081500e+03	2.081500e+03	2.081500e+03	2.081500e+03	5837	5837	5837	5837	5548	5548	5548	5548	6.892500e+03	6.892500e+03	6.892500e+03	6.892500e+03	2.719500e+03	2.719500e+03	2.719500e+03	2.719500e+03	1.243950e+04	1.243950e+04	1.243950e+04	1.243950e+04	8.919250e+03	8.919250e+03	8.919250e+03	8.919250e+03	1.311425e+04	1.311425e+04	1.311425e+04	1.311425e+04	9.943750e+03	9.943750e+03	9.943750e+03	9.943750e+03


10100000000000001001010001100010101001001101011001011011110010001011010110011000001100100000100000001000000010000000100001000111101000010011000000100110000010000101000001011010100001111010101101000100011010000000000001000000000000000000000000010000
Current low wg vector = 74

00100000000000000000010000000000010000000000001100000000110000000000100100000000001100000100000000001100000000000000000011100100000000000000000000000011110100000110000000010000001100000000000001100000000000000000000100000000000000010000000000000000
Current low wg vector = 32
.....
only_mult_p: 169, 2 
Start dist: 31
4.000000 4.000000 4.000000 4.000000 4.000000 4.000000 4.000000 4.000000 4.000000 4.000000 4.000000 4.000000 4.000000 4.000000 4.000000 4.000000 4.000000 4.000000 4.000000 4.000000 4.000000 4.000000 4.000000 4.000000 4.000000 4.000000 4.000000 4.000000 4.000000 4.000000 4.000000 4.000000 4.000000 4.000000 4.000000 4.000000 4.000000 4.000000 4.000000 4.000000 4.000000 4.000000 4.000000 4.000000 4.000000 4.000000 4.000000 4.000000 4.000000 4.000000 4.000000 4.000000 4.000000 4.000000 4.000000 4.000000 4.000000 4.000000 4.000000 4.000000 4.000000 4.000000 4.000000 4.000000 4.000000 4.000000 4.000000 4.000000 4.000000 4.000000 4.000000 4.000000 4.000000 4.000000 4.000000 4.000000 4.000000 4.000000 4.000000 4.000000 4.000000 4.000000 4.000000 4.000000 4.000000 4.000000 4.000000 4.000000 4.000000 4.000000 4.000000 4.000000 4.000000 4.000000 4.000000 4.000000 4.000000 4.000000 4.000000 4.000000 4.000000 4.000000 4.000000 4.000000 4.000000 4.000000 4.000000 4.000000 4.000000 4.000000 4.000000 4.000000 4.000000 4.000000 4.000000 4.000000 4.000000 4.000000 4.000000 4.000000 4.000000 4.000000 4.000000 4.000000 4.000000 4.000000 4.000000 4.000000 4.000000 4.000000 4.000000 4.000000 4.000000 4.000000 4.000000 4.000000 4.000000 4.000000 4.000000 4.000000 4.000000 4.000000 4.000000 4.000000 4.000000 4.000000 4.000000 4.000000 4.000000 4.000000 4.000000 4.000000 4.000000 4.000000 4.000000 4.000000 4.000000 4.000000 4.000000 4.000000 4.000000 4.000000 4.000000 4.000000 4.000000 4.000000 4.000000 4.000000 4.000000 4.000000 1.000000 3.000000 2.666667 2.000000 3.000000 2.666667 2.000000 3.000000 2.666667 2.000000 3.000000 2.666667 2.000000 3.000000 2.666667 2.000000 2.000000 2.000000 2.000000 2.000000 2.000000 2.000000 3.000000 2.666667 2.000000 2.000000 2.000000 2.000000 2.000000 2.000000 2.000000 2.000000 2.000000 2.000000 2.000000 2.000000 2.000000 2.000000 2.000000 2.000000 2.000000 2.000000 2.000000 2.000000 2.000000 2.000000 2.000000 3.000000 2.666667 2.000000 2.000000 2.000000 2.000000 2.000000 2.000000 2.000000 2.000000 1.500000 1.333333 2.000000 2.000000 2.000000 2.000000 1.500000 1.333333 1.000000 2.000000 1.500000 1.333333 1.000000 2.000000 1.500000 1.333333 1.000000 2.000000 2.000000 1.500000 
1233000000 loops, 240/247, bound: 31, SVPs: 19315815
.........................................................................................................................................................................|......*...............................................................#......
